10100000
10100000
01100000
01100000
11100000
11100000
11100000
00010000
00010000
10010000
10010000
10010000
01010000
01010000
11010000
11010000
11010000
00110000
00110000
10110000
10110000
10110000
01110000
01110000
01110000
11110000
11110000
00001000
00001000
10001000
10001000
01001000
01001000
01001000
11001000
11001000
00101000
00101000
00101000
10101000
10101000
10101000
01101000
01101000
11101000
11101000
11101000
00011000
00011000
10011000
10011000
10011000
01011000
01011000
11011000
11011000
11011000
00111000
00111000
10111000
10111000
10111000
01111000
01111000
11111000
10000100
10000100
01000100
01000100
01000100
11000100
11000100
00100100
00100100
00100100
10100100
10100100
01100100
01100100
01100100
11100100
11100100
00010100
00010100
00010100
10010100
10010100
01010100
01010100
01010100
11010100
11010100
11010100
00110100
00110100
10110100
10110100
10110100
01110100
01110100
11110100
11110100
00001100
00001100
10001100
10001100
10001100
01001100
01001100
01001100
11001100
11001100
00101100
00101100
00101100
10101100
10101100
01101100
01101100
01101100
11101100
11101100
00011100
00011100
00011100
10011100
10011100
01011100
01011100
10100010
01100010
01100010
11100010
11100010
11100010
00010010
00010010
10010010
10010010
10010010
01010010
01010010
11010010
11010010
11010010
00110010
00110010
10110010
10110010
10110010
01110010
01110010
01110010
11110010
11110010
00001010
00001010
10001010
10001010
01001010
01001010
01001010
11001010
11001010
00101010
00101010
00101010
10101010
10101010
10101010
01101010
01101010
11101010
11101010
11101010
00011010
00011010
10011010
10011010
10011010
01011010
01011010
11011010
11011010
11011010
00111010
00111010
10111010
10111010
10111010
01111010
01111010
11111010
10000110
10000110
01000110
01000110
01000110
11000110
11000110
00100110
00100110
00100110
10100110
10100110
01100110
01100110
01100110
11100110
11100110
00010110
00010110
00010110
10010110
10010110
01010110
01010110
01010110
11010110
11010110
11010110
00110110
00110110
10110110
10110110
10110110
01110110
01110110
11110110
11110110
00001110
00001110
10001110
10001110
10001110
01001110
01001110
01001110
11001110
11001110
00101110
00101110
00101110
10101110
10101110
01101110
01101110
01101110
11101110
11101110
00011110
00011110
00011110
10011110
10011110
01011110
